\operatorname{vector}((0, 0, 0), (2.88675,2.88675,2.88675))
p = (1,2,3)
p_r = (3,2,1)
